******************读入图片......******************
******************读入图片完成！******************
实际图片数量： 15
******************开始提取角点......******************
******************提取角点完成!******************
******************开始进行相机标定......******************
******************标定结果如下:******************
相机内参:
[872.9621606211058, 0, 631.5113375961644;
 0, 871.4515522857724, 381.5985196512408;
 0, 0, 1]
畸变系数:
[0.07079562002908986;
 0.1088419736659692;
 0.004348026182048539;
 -0.002335482053071846;
 -0.6898178296569629]
num:0
bHg
-0.00158438    0.999454   0.0330063     591.687
   0.999997   0.0016509  -0.0020109     1.01728
 -0.0020643    0.033003   -0.999454     372.263
          0           0           0           1
axis:  0.706492  0.707636 0.0109508
angle: 178.58
cHw
  0.985084  -0.118951  -0.124336   0.159415
  0.115751   0.992741 -0.0326776   -102.389
   0.12732  0.0177982   0.991702    356.898
         0          0          0          1
axis:   0.14513 -0.723569  0.674823
angle: 10.0146
num:1
bHg
  0.328807   0.943521 -0.0406737    591.672
  0.944052  -0.329545 -0.0128527    1.00617
-0.0255306  -0.034172  -0.999089    372.247
         0          0          0          1
axis: -0.815101 -0.578963 0.0203064
angle: 179.251
cHw
  0.998931  0.0392619 -0.0243902   -38.6129
-0.0386848    0.99897  0.0236962   -47.5751
 0.0252955 -0.0227274   0.999422    317.419
         0          0          0          1
axis: -0.448804 -0.480341 -0.753557
angle: 2.96461
num:2
bHg
  0.329679   0.941914  0.0641034    591.656
   0.94405  -0.329551 -0.0128578   0.992565
0.00901443  0.0647558   -0.99786    372.228
         0          0          0          1
axis:   0.81526   0.57866 0.0224344
angle: 177.272
cHw
   0.93011   0.366139  -0.028933   -88.5617
 -0.367116   0.929165 -0.0433346   -50.7654
  0.011017  0.0509277   0.998642    309.111
         0          0          0          1
axis:   0.127318 -0.0539596  -0.990393
angle: 21.727
num:3
bHg
  0.583046   0.811456 -0.0399541    591.657
  0.810516  -0.577579  0.0972936   -12.8198
 0.0558729   -0.08911  -0.994453      372.2
         0          0          0          1
axis:   -0.889352   -0.457201 -0.00448718
angle: 173.985
cHw
   0.930417    0.366494 -0.00262006    -69.1662
   -0.36612    0.929746   0.0390817   -0.578223
  0.0167592   -0.035403    0.999233     320.267
          0           0           0           1
axis:  -0.101113 -0.0263075  -0.994527
angle: 21.6122
num:4
bHg
 0.576533  0.816012 0.0416385   591.665
 0.794988 -0.571989  0.202044  -12.8443
 0.188687 -0.083383  -0.97849   372.183
        0         0         0         1
axis:  -0.887062  -0.457004 -0.0653381
angle: 170.742
cHw
  0.787789   0.615149  0.0312968   -79.3528
 -0.609477   0.785854  -0.104739   -38.5593
-0.0890246  0.0634372   0.994007    314.393
         0          0          0          1
axis:  0.135411 0.0968801 -0.986042
angle: 38.3878
num:5
bHg
 0.563906  0.819797  0.099714   564.683
 0.822955 -0.567907 0.0150418  -12.7242
0.0689595  0.073578 -0.994902   372.136
        0         0         0         1
axis:  0.884247  0.464577 0.0477015
angle: 178.103
cHw
  0.772623   0.607508   0.184359   -8.00508
 -0.599194   0.793757  -0.104483   -39.7772
  -0.20981 -0.0297407    0.97729    325.366
         0          0          0          1
axis:  0.058776  0.309967 -0.948929
angle: 39.4811
num:6
bHg
 0.563796  0.819895 0.0995307   564.637
 0.808517 -0.572502  0.136169  -12.6911
 0.168626 0.0037006 -0.985673   349.965
        0         0         0         1
axis:  -0.884076  -0.461132 -0.0759364
angle: 175.703
cHw
  0.799284   0.597146  0.0675466   -85.1126
 -0.600623   0.797512  0.0568003    21.5178
-0.0199512 -0.0859696   0.996098    328.394
         0          0          0          1
axis: -0.118049 0.0723471 -0.990369
angle: 37.2079
num:7
bHg
  0.580258    0.81412 -0.0225855    564.654
  0.808545  -0.572514   0.135951   -12.7597
   0.09775 -0.0971482  -0.990459    420.446
         0          0          0          1
axis:  -0.88838 -0.458618 -0.021244
angle: 172.461
cHw
  0.787735   0.597907   0.148258   -36.5547
 -0.602066   0.798194 -0.0200809   -15.8379
 -0.130345 -0.0734425   0.988745    311.034
         0          0          0          1
axis: -0.0432763   0.225947  -0.973178
angle: 38.0627
num:8
bHg
 0.222931  0.972365 0.0693498   564.648
 0.966034 -0.229899  0.118016  -12.7143
 0.130698 0.0406845 -0.990589   420.424
        0         0         0         1
axis:  -0.781811  -0.620221 -0.0640086
angle: 177.165
cHw
 0.786301  0.611722 0.0867564  -69.3301
-0.603362  0.790487 -0.105284  -72.0331
-0.132985 0.0304398  0.990651   363.196
        0         0         0         1
axis:  0.109258  0.176892 -0.978147
angle: 38.3976
num:9
bHg
  0.222984   0.972354  0.0693356    564.649
  0.936167  -0.233432   0.262875   -12.6938
  0.271792 0.00629261  -0.962337    420.409
         0          0          0          1
axis: -0.780276 -0.615678 -0.110046
angle: 170.537
cHw
  0.959678   0.261421    0.10333   -8.22133
 -0.265621   0.963642  0.0289814   -48.7315
-0.0919965 -0.0552594   0.994225    374.141
         0          0          0          1
axis:  -0.14822  0.343672 -0.927319
angle: 16.5096
num:10
bHg
  0.222751   0.972414  0.0692399     564.62
  0.936201  -0.233182   0.262974   -196.289
  0.271865 0.00624442  -0.962316    420.377
         0          0          0          1
axis: -0.780198 -0.615775 -0.110051
angle: 170.53
cHw
  0.932082   0.260018   0.252218    73.9593
 -0.266074   0.963896 -0.0104154   -70.5732
  -0.24582 -0.0574006   0.967614    369.965
         0          0          0          1
axis: -0.0647212   0.686038  -0.724682
angle: 21.2834
num:11
bHg
 0.222721  0.972425 0.0691682   564.603
 0.971743 -0.227133 0.0642249  -196.337
0.0781644 0.0529095 -0.995535   420.322
        0         0         0         1
axis:  -0.781892  -0.621631 -0.0471083
angle: 179.585
cHw
  0.927434   0.258968   0.269818   -92.9012
 -0.262773   0.964593 -0.0225858   -22.8049
 -0.266113 -0.0499538   0.962647    418.835
         0          0          0          1
axis: -0.036566   0.71605  -0.69709
angle: 21.9766
num:12
bHg
  0.229974   0.972527 -0.0361014    564.574
  0.971684  -0.227392  0.0642144   -66.1992
 0.0542411 -0.0498468  -0.997283    420.244
         0          0          0          1
axis:   -0.783885   -0.620878 -0.00579284
angle: 175.828
cHw
  0.962733   0.257527  0.0826109   -211.823
 -0.260462   0.965113  0.0267787    6.38918
-0.0728326 -0.0472978   0.996222    386.995
         0          0          0          1
axis: -0.135706  0.284768 -0.948942
angle: 15.8387
num:13
bHg
  0.230331    0.97243  -0.036422    564.498
  0.969189  -0.232596 -0.0810522    83.5761
-0.0872893 -0.0166311  -0.996042    420.178
         0          0          0          1
axis:   0.784221   0.619226 -0.0394543
angle: 177.646
cHw
  0.962791   0.267393  0.0391774   -105.558
 -0.264338    0.96194 -0.0692598   -84.2776
-0.0562058  0.0563266   0.996829    362.415
         0          0          0          1
axis:  0.226435  0.171978 -0.958724
angle: 16.0999
num:14
bHg
  -0.160416    0.987046 -0.00262755     564.445
   0.980293    0.159005   -0.117236      83.633
  -0.115299  -0.0213821   -0.993101     420.138
          0           0           0           1
axis:   0.647298   0.760871 -0.0456083
angle: 175.754
cHw
  0.958026   0.271688 -0.0914941   -43.7855
 -0.274423    0.96143 -0.0185319   -100.859
 0.0829303  0.0428622   0.995633     353.98
         0          0          0          1
axis:  0.106482 -0.302522 -0.947176
angle: 16.7553

gHc
  0.996073  0.0651785 -0.0599114   -33.3094
-0.0377079    0.92463   0.378996    6.99907
 0.0800982  -0.375248   0.923457    275.957
         0          0          0          1
axis: -0.974478 -0.180892 -0.132929
angle: 22.7679
